4
2 2 3 2
7
0 1 0 1 0 1 99
7
-1 2 -1 2 -1 2 3
4
2147483647 2 2147483647 2147483647
4
-2 -2147483648 -2147483648 -2147483648
10
-2 -2 1 1 -3 1 -3 -3 -4 -2
25
43 16 45 89 45 -2147483648 45 2147483646 -2147483647 -2147483648 43 2147483647 -2147483646 -2147483648 89 -2147483646 89 -2147483646 -2147483647 2147483646 -2147483647 16 16 2147483646 43
31
-401451 -177656 -2147483646 -473874 -814645 -2147483646 -852036 -457533 -401451 -473874 -401451 -216555 -917279 -457533 -852036 -457533 -177656 -2147483646 -177656 -917279 -473874 -852036 -917279 -216555 -814645 2147483645 -2147483648 2147483645 -814645 2147483645 -216555
